90
97
378
388
377
335
166
436
369
400
462
33
65
64
187
159
217
408
357
47
317
457
413
84
457
279
494
191
208
378
432
177
225
50
296
455
109
346
13
215
185
443
298
320
363
266
92
370
39
311
307
202
217
43
255
196
294
264
50
434
393
352
365
455
290
280
420
86
98
380
451
289
481
488
143
350
334
409
57
214
337
234
384
213
424
295
299
17
497
452
352
112
477
235
332
101
464
89
157
32
196
321
464
72
450
328
499
118
489
51
207
212
428
43
192
119
324
187
358
226
437
49
447
188
380
218
369
423
134
308
172
439
408
485
233
180
352
348
319
110
185
373
447
359
125
149
455
112
77
323
148
282
479
431
169
43
407
223
37
232
79
146
210
305
63
491
229
309
177
98
264
23
488
345
107
293
10
55
291
71
170
178
220
421
52
134
262
434
392
1
55
444
231
140
425
454
231
145
358
2
61
257
493
382
352
498
108
112
240
98
480
250
35
162
320
475
182
214
61
424
235
214
285
315
129
114
46
231
345
402
334
355
385
193
46
293
57
157
62
396
333
307
456
321
319
230
194
62
45
205
165
343
208
13
31
133
270
497
244
110
256
295
459
119
34
2
241
385
185
420
124
302
121
431
108
113
156
435
151
63
305
171
177
235
288
322
203
269
377
449
113
341
179
371
11
228
245
4
371
134
438
338
153
233
108
344
488
215
144
498
374
56
457
200
389
331
485
74
50
6
154
370
457
293
358
149
367
157
486
436
200
417
33
26
149
36
139
207
471
195
281
467
351
157
259
264
441
372
387
186
60
40
354
300
216
194
343
102
190
38
393
130
226
446
437
181
37
66
1
167
126
17
439
340
218
103
411
97
82
12
90
348
290
324
368
76
152
350
476
174
485
93
326
159
73
93
492
424
278
50
222
394
206
199
377
190
271
93
248
283
176
477
298
305
314
276
306
126
360
66
203
262
165
256
72
157
82
217
70
434
470
230
332
171
216
239
43
37
55
205
339
172
425
434
440
266
377
222
157
388
328
160
432
122
233
100
205
250
387
290
77
364
56
445
271
469
51
47
436
109
331
435
458
113
111
216
390
46
406
333
371
98
498
441
210
88
264
167
330
237
37
80
376
478
2
194
400
305
407
493
